version https://git-lfs.github.com/spec/v1
oid sha256:a1ad696fe7991c3a3439d5a4340feaad44d990bf6a68dd1d17d3a54f757e8237
size 176
